[293, 595, 301, 588, 304, 586, 308, 584, 311, 581, 314, 579, 315, 579, 316, 577, 318, 576, 320, 574, 322, 574, 324, 572, 326, 571, 328, 569, 329, 569, 332, 567, 333, 565, 335, 563, 337, 561, 339, 558, 341, 557, 343, 555, 345, 554, 347, 553, 349, 552, 350, 551, 352, 551, 352, 550, 353, 550, 355, 549, 358, 548, 360, 547, 362, 546, 364, 545, 367, 543, 370, 540, 372, 538, 375, 535, 377, 533, 379, 531, 380, 531, 381, 531, 382, 530, 383, 530, 386, 529, 387, 528, 390, 528, 392, 528, 395, 527, 396, 526, 399, 525, 403, 523, 406, 522, 409, 521, 413, 518, 416, 517, 418, 516, 420, 515, 421, 514]
[422, 516, 423, 518, 423, 520, 425, 524, 426, 526, 426, 527, 428, 530, 428, 531, 428, 532, 428, 533, 428, 534, 429, 534, 429, 537, 429, 538, 430, 539, 430, 540, 430, 542, 430, 544, 431, 545, 431, 547, 431, 548, 431, 550, 432, 553, 432, 555, 433, 557, 433, 559, 433, 560, 434, 562, 435, 564, 436, 568, 437, 571, 440, 580, 442, 584, 443, 586]
[441, 587, 436, 589, 432, 591, 425, 593, 420, 595, 416, 597, 414, 598, 413, 598, 411, 598, 409, 599, 408, 600, 406, 601, 404, 601, 401, 602, 399, 602, 397, 603, 395, 603, 392, 604, 388, 606, 386, 607, 383, 608, 379, 609, 376, 610, 373, 611, 370, 612, 368, 612, 363, 614, 358, 614, 356, 615, 351, 615, 348, 616, 346, 616, 345, 616, 344, 616, 343, 616, 341, 617, 336, 618, 332, 619, 328, 619, 325, 621, 322, 621, 319, 622, 317, 623, 316, 623, 315, 623, 315, 624, 314, 624]
[314, 621, 311, 613, 310, 609, 309, 608, 309, 607, 309, 606, 308, 605, 307, 604, 307, 603, 306, 602, 306, 601, 305, 600, 305, 599, 304, 599, 303, 599, 303, 598, 302, 598, 302, 597, 301, 596, 299, 595, 298, 595, 298, 594, 297, 593, 296, 593, 295, 592]
[639, 383, 643, 374, 646, 367, 648, 364, 648, 361, 649, 359, 649, 358, 649, 357, 649, 356, 650, 355, 650, 354, 651, 353, 653, 349, 654, 347, 656, 344, 657, 343, 657, 341, 658, 340, 659, 338, 659, 337, 660, 335, 662, 332, 663, 330, 666, 327, 669, 324, 670, 323, 670, 322, 671, 322, 671, 321, 672, 320, 673, 319, 674, 317, 675, 317, 676, 315, 677, 313, 678, 312, 679, 311, 680, 310, 680, 309]
[682, 309, 685, 310, 692, 312, 700, 314, 706, 317, 708, 317, 710, 318, 716, 320, 719, 322, 724, 324, 727, 325, 728, 325, 731, 326, 732, 326, 737, 328, 744, 330, 747, 331, 754, 333, 762, 336, 764, 337, 766, 338, 767, 338, 767, 339, 769, 340, 770, 340, 772, 341, 773, 342, 776, 343, 777, 344, 778, 344, 779, 344, 780, 345, 783, 346, 784, 347, 786, 349, 790, 351, 791, 351]
[790, 355, 786, 367, 782, 374, 781, 377, 780, 377, 779, 379, 778, 380, 776, 382, 775, 383, 773, 385, 772, 386, 770, 388, 770, 389, 767, 392, 766, 393, 765, 394, 763, 396, 761, 398, 757, 402, 756, 404, 752, 410, 745, 419, 741, 423, 737, 426, 735, 428, 734, 428]
[732, 428, 714, 424, 695, 421, 687, 420, 685, 419, 680, 418, 672, 416, 669, 414, 663, 412, 662, 412, 661, 411, 660, 411, 658, 410, 657, 409, 654, 408, 651, 405, 650, 405, 648, 404, 644, 402, 642, 400, 639, 398, 638, 397, 637, 397, 637, 396, 636, 396, 635, 396, 635, 395, 635, 394, 635, 393, 634, 391, 634, 390, 634, 389, 634, 388, 634, 387]
[700, 539, 717, 543, 732, 546, 740, 547, 751, 548, 764, 551, 769, 552, 773, 553, 776, 554, 780, 555, 788, 556, 797, 558, 800, 558, 804, 559, 808, 561, 809, 561, 810, 561, 811, 561, 811, 562, 812, 562, 814, 564, 818, 565, 824, 568, 825, 568, 826, 569, 827, 569]
[827, 578, 827, 583, 826, 586, 825, 589, 824, 590, 823, 594, 821, 598, 820, 601, 818, 608, 817, 610, 816, 613, 815, 614, 815, 615, 815, 616, 815, 617, 815, 618, 815, 619, 814, 622, 814, 623, 813, 630, 812, 631, 812, 634, 811, 635, 811, 636]
[803, 635, 798, 633, 792, 632, 787, 630, 779, 628, 772, 627, 766, 627, 762, 626, 758, 625, 754, 624, 746, 623, 741, 622, 734, 620, 726, 618, 718, 615, 715, 614, 711, 612, 707, 612, 701, 610, 699, 609, 693, 607, 686, 605, 682, 604, 681, 604, 678, 602, 676, 601, 674, 601, 673, 600]
[670, 592, 674, 583, 682, 573, 688, 567, 690, 564, 691, 563, 691, 562, 692, 559, 692, 556, 692, 554, 693, 549, 694, 548, 694, 546, 694, 544, 694, 541, 692, 537, 692, 536, 692, 534]
[746, 852, 746, 853, 749, 853, 756, 853, 762, 852, 764, 852, 765, 852, 764, 851, 761, 850, 759, 849, 758, 849, 757, 849, 756, 849]
[825, 849, 836, 848, 840, 848, 840, 847, 839, 847, 837, 846, 835, 846, 832, 846, 828, 846, 824, 845, 823, 845, 822, 845, 821, 845, 820, 845, 819, 845, 817, 844, 816, 844, 814, 843, 813, 843, 815, 843, 822, 845, 832, 846, 833, 846, 834, 846, 833, 846, 831, 847, 829, 847, 825, 848, 823, 848, 822, 848, 821, 848, 820, 848, 819, 848, 818, 849, 819, 849, 824, 849, 826, 849, 827, 849, 828, 849, 828, 850, 832, 851, 846, 853, 849, 853, 848, 853, 847, 852, 845, 851, 840, 848, 839, 848, 836, 848, 832, 848, 823, 849, 818, 850, 817, 850, 815, 850]
[887, 844, 893, 844, 894, 844, 896, 844, 897, 844, 898, 844, 899, 844, 900, 844, 902, 844, 903, 844, 903, 845, 904, 845, 903, 845, 902, 845, 898, 845, 889, 844, 884, 844, 881, 844, 880, 844, 881, 844, 882, 845, 883, 845, 886, 845, 889, 845, 890, 845, 891, 845, 894, 845, 896, 845, 897, 845, 898, 845, 899, 845, 900, 845, 901, 846, 902, 846, 902, 847, 903, 847, 904, 847, 908, 849, 907, 849, 906, 849, 905, 848, 904, 847, 903, 847, 902, 847, 901, 847, 899, 846, 894, 846, 887, 846, 885, 846, 884, 846, 885, 846, 885, 847, 888, 847, 891, 848, 893, 849, 894, 849, 895, 849, 896, 849, 897, 850, 898, 850, 897, 850, 896, 850, 895, 850, 893, 850, 893, 851]
